{
 "cells": [
  {
   "cell_type": "code",
   "execution_count": 1,
   "metadata": {},
   "outputs": [
    {
     "name": "stderr",
     "output_type": "stream",
     "text": [
      "c:\\Users\\kisim\\anaconda3\\envs\\GNN_DGL\\lib\\site-packages\\tqdm\\auto.py:22: TqdmWarning: IProgress not found. Please update jupyter and ipywidgets. See https://ipywidgets.readthedocs.io/en/stable/user_install.html\n",
      "  from .autonotebook import tqdm as notebook_tqdm\n"
     ]
    }
   ],
   "source": [
    "import dgl\n",
    "from dgl.data import DGLDataset\n",
    "import torch\n",
    "import torchvision\n",
    "import torch.nn as nn\n",
    "import torch.nn.functional as F\n",
    "import dgl.data\n",
    "from dgl.nn import GraphConv\n",
    "import matplotlib.pyplot as plt\n",
    "from tqdm import tqdm\n",
    "import torch.optim as optim\n",
    "import numpy as np\n",
    "import time\n",
    "from dgl.dataloading import GraphDataLoader\n",
    "from torch.utils.data.sampler import SubsetRandomSampler\n",
    "import os\n",
    "\n",
    "%matplotlib inline"
   ]
  },
  {
   "cell_type": "code",
   "execution_count": 2,
   "metadata": {},
   "outputs": [],
   "source": [
    "#トレーニング用データセットクラス\n",
    "class CIFAR10TrainDataset(DGLDataset):\n",
    "    def __init__(self,data_path):\n",
    "        self.data_path = data_path\n",
    "        super().__init__(name='cifar10_train__gprah')\n",
    "    \n",
    "    def process(self):\n",
    "        GRAPHS, LABELS = dgl.load_graphs(self.data_path) #保存したグラーフデータの読み込み\n",
    "        self.graphs = GRAPHS #グラフリストを代入\n",
    "        self.labels = LABELS['label'] #ラベル辞書の値のみ代入\n",
    "\n",
    "    def __getitem__(self, idx):\n",
    "        return self.graphs[idx], self.labels[idx]\n",
    "\n",
    "    def __len__(self):\n",
    "        return len(self.graphs)\n",
    "\n",
    "\n",
    "class CIFAR10TestDataset(DGLDataset):\n",
    "    def __init__(self,data_path):\n",
    "        self.data_path = data_path\n",
    "        super().__init__(name='cifar10_test_gprah')\n",
    "    \n",
    "    def process(self):\n",
    "        GRAPHS, LABELS = dgl.load_graphs(self.data_path) #保存したグラーフデータの読み込み\n",
    "        self.graphs = GRAPHS #グラフリストを代入\n",
    "        self.labels = LABELS['label'] #ラベル辞書の値のみ代入\n",
    "\n",
    "    def __getitem__(self, idx):\n",
    "        return self.graphs[idx], self.labels[idx]\n",
    "\n",
    "    def __len__(self):\n",
    "        return len(self.graphs)"
   ]
  },
  {
   "cell_type": "code",
   "execution_count": 3,
   "metadata": {},
   "outputs": [],
   "source": [
    "path = \"./data/MyDataset/train_graphs_six_f_in_pos_50_std.dgl\"\n",
    "traindataset = CIFAR10TrainDataset(\"./data/NewMyData/train_dist_40_std_full.dgl\")\n",
    "testdataset = CIFAR10TestDataset(\"./data/NewMyData/test_dist_40_std_full.dgl\")"
   ]
  },
  {
   "cell_type": "code",
   "execution_count": 4,
   "metadata": {},
   "outputs": [
    {
     "name": "stdout",
     "output_type": "stream",
     "text": [
      "num_wokers = 0\n",
      "nt\n"
     ]
    }
   ],
   "source": [
    "if os.name =='posix':\n",
    "    num_workers = 2\n",
    "else:\n",
    "    num_workers = 0\n",
    "num_workers = 0\n",
    "traindataloader = GraphDataLoader(traindataset,batch_size = 5000,shuffle = True,num_workers = num_workers,pin_memory = True)\n",
    "testdataloader = GraphDataLoader(testdataset,batch_size = 5000,shuffle = True,num_workers = num_workers,pin_memory = True)\n",
    "print(f'num_wokers = {num_workers}')\n",
    "print(os.name)"
   ]
  },
  {
   "cell_type": "code",
   "execution_count": 70,
   "metadata": {},
   "outputs": [
    {
     "name": "stdout",
     "output_type": "stream",
     "text": [
      "torch.Size([20, 20])\n",
      "tensor([ 0.0000,  3.6056,  6.7082, 10.0499,  9.4868,  8.2462,  9.2195,  1.4142,\n",
      "         5.8310,  4.0000, 10.1980,  4.1231,  7.6158,  8.5440,  5.0000,  3.0000,\n",
      "         1.0000,  3.1623,  2.2361,  2.0000])\n",
      "tensor([3.6056, 0.0000, 4.0000, 7.6158, 7.8102, 6.4031, 7.2111, 2.2361, 3.0000,\n",
      "        2.2361, 8.0623, 1.4142, 6.4031, 7.0711, 2.0000, 2.0000, 2.8284, 1.0000,\n",
      "        1.4142, 2.2361])\n",
      "tensor([ 6.7082,  4.0000,  0.0000,  9.8995, 10.8167,  9.4340, 10.0000,  5.3852,\n",
      "         1.0000,  6.0828, 10.6301,  5.0990,  9.8489, 10.2956,  2.0000,  6.0000,\n",
      "         6.3246,  5.0000,  5.0990,  6.0828])\n",
      "tensor([10.0499,  7.6158,  9.8995,  0.0000,  2.2361,  2.2361,  1.4142,  9.2195,\n",
      "         9.2195,  6.0828,  1.0000,  6.3246,  3.6056,  2.8284,  8.6023,  7.0711,\n",
      "         9.0554,  7.2801,  8.2462,  8.0623])\n",
      "tensor([ 9.4868,  7.8102, 10.8167,  2.2361,  0.0000,  1.4142,  1.0000,  8.9443,\n",
      "        10.0000,  5.8310,  1.4142,  6.4031,  2.0000,  1.0000,  9.2195,  6.7082,\n",
      "         8.5440,  7.2111,  8.0623,  7.6158])\n",
      "tensor([[ 0.0000,  3.1623,  4.4721,  4.2426, 19.3132,  1.4142, 10.4403, 19.6977,\n",
      "          2.2361,  1.4142,  3.1623,  3.6056,  1.0000,  2.8284,  1.4142,  4.4721,\n",
      "          3.6056,  1.0000,  2.0000,  2.2361],\n",
      "        [ 3.1623,  0.0000,  7.6158,  2.0000, 21.8403,  4.4721, 13.6015, 22.1359,\n",
      "          1.0000,  2.0000,  6.3246,  1.0000,  3.0000,  5.8310,  4.0000,  1.4142,\n",
      "          6.7082,  4.1231,  5.0990,  5.3852],\n",
      "        [ 4.4721,  7.6158,  0.0000,  8.6023, 16.6433,  3.1623,  6.0828, 17.2047,\n",
      "          6.7082,  5.8310,  1.4142,  8.0623,  5.0000,  2.0000,  4.2426,  8.9443,\n",
      "          1.0000,  3.6056,  2.8284,  2.2361],\n",
      "        [ 4.2426,  2.0000,  8.6023,  0.0000, 21.3776,  5.6569, 14.3178, 21.5870,\n",
      "          2.2361,  2.8284,  7.2111,  1.0000,  3.6056,  7.0711,  4.4721,  1.4142,\n",
      "          7.8102,  5.0000,  5.8310,  6.4031],\n",
      "        [19.3132, 21.8403, 16.6433, 21.3776,  0.0000, 18.7883, 12.8062,  1.0000,\n",
      "         20.8806, 19.9249, 17.0000, 21.5870, 18.9737, 18.3576, 18.0278, 22.5610,\n",
      "         17.4929, 18.3848, 17.4642, 17.8885],\n",
      "        [ 1.4142,  4.4721,  3.1623,  5.6569, 18.7883,  0.0000,  9.2195, 19.2354,\n",
      "          3.6056,  2.8284,  2.0000,  5.0000,  2.2361,  1.4142,  2.0000,  5.8310,\n",
      "          2.2361,  1.0000,  1.4142,  1.0000],\n",
      "        [10.4403, 13.6015,  6.0828, 14.3178, 12.8062,  9.2195,  0.0000, 13.6015,\n",
      "         12.6491, 11.7047,  7.2801, 13.9284, 10.7703,  8.0623,  9.8489, 14.8661,\n",
      "          7.0711,  9.4868,  8.5440,  8.2462],\n",
      "        [19.6977, 22.1359, 17.2047, 21.5870,  1.0000, 19.2354, 13.6015,  0.0000,\n",
      "         21.1896, 20.2485, 17.4929, 21.8403, 19.3132, 18.8680, 18.3848, 22.8035,\n",
      "         18.0278, 18.7883, 17.8885, 18.3576],\n",
      "        [ 2.2361,  1.0000,  6.7082,  2.2361, 20.8806,  3.6056, 12.6491, 21.1896,\n",
      "          0.0000,  1.0000,  5.3852,  1.4142,  2.0000,  5.0000,  3.0000,  2.2361,\n",
      "          5.8310,  3.1623,  4.1231,  4.4721],\n",
      "        [ 1.4142,  2.0000,  5.8310,  2.8284, 19.9249,  2.8284, 11.7047, 20.2485,\n",
      "          1.0000,  0.0000,  4.4721,  2.2361,  1.0000,  4.2426,  2.0000,  3.1623,\n",
      "          5.0000,  2.2361,  3.1623,  3.6056],\n",
      "        [ 3.1623,  6.3246,  1.4142,  7.2111, 17.0000,  2.0000,  7.2801, 17.4929,\n",
      "          5.3852,  4.4721,  0.0000,  6.7082,  3.6056,  1.4142,  2.8284,  7.6158,\n",
      "          1.0000,  2.2361,  1.4142,  1.0000],\n",
      "        [ 3.6056,  1.0000,  8.0623,  1.0000, 21.5870,  5.0000, 13.9284, 21.8403,\n",
      "          1.4142,  2.2361,  6.7082,  0.0000,  3.1623,  6.4031,  4.1231,  1.0000,\n",
      "          7.2111,  4.4721,  5.3852,  5.8310],\n",
      "        [ 1.0000,  3.0000,  5.0000,  3.6056, 18.9737,  2.2361, 10.7703, 19.3132,\n",
      "          2.0000,  1.0000,  3.6056,  3.1623,  0.0000,  3.6056,  1.0000,  4.1231,\n",
      "          4.2426,  1.4142,  2.2361,  2.8284],\n",
      "        [ 2.8284,  5.8310,  2.0000,  7.0711, 18.3576,  1.4142,  8.0623, 18.8680,\n",
      "          5.0000,  4.2426,  1.4142,  6.4031,  3.6056,  0.0000,  3.1623,  7.2111,\n",
      "          1.0000,  2.2361,  2.0000,  1.0000],\n",
      "        [ 1.4142,  4.0000,  4.2426,  4.4721, 18.0278,  2.0000,  9.8489, 18.3848,\n",
      "          3.0000,  2.0000,  2.8284,  4.1231,  1.0000,  3.1623,  0.0000,  5.0990,\n",
      "          3.6056,  1.0000,  1.4142,  2.2361],\n",
      "        [ 4.4721,  1.4142,  8.9443,  1.4142, 22.5610,  5.8310, 14.8661, 22.8035,\n",
      "          2.2361,  3.1623,  7.6158,  1.0000,  4.1231,  7.2111,  5.0990,  0.0000,\n",
      "          8.0623,  5.3852,  6.3246,  6.7082],\n",
      "        [ 3.6056,  6.7082,  1.0000,  7.8102, 17.4929,  2.2361,  7.0711, 18.0278,\n",
      "          5.8310,  5.0000,  1.0000,  7.2111,  4.2426,  1.0000,  3.6056,  8.0623,\n",
      "          0.0000,  2.8284,  2.2361,  1.4142],\n",
      "        [ 1.0000,  4.1231,  3.6056,  5.0000, 18.3848,  1.0000,  9.4868, 18.7883,\n",
      "          3.1623,  2.2361,  2.2361,  4.4721,  1.4142,  2.2361,  1.0000,  5.3852,\n",
      "          2.8284,  0.0000,  1.0000,  1.4142],\n",
      "        [ 2.0000,  5.0990,  2.8284,  5.8310, 17.4642,  1.4142,  8.5440, 17.8885,\n",
      "          4.1231,  3.1623,  1.4142,  5.3852,  2.2361,  2.0000,  1.4142,  6.3246,\n",
      "          2.2361,  1.0000,  0.0000,  1.0000],\n",
      "        [ 2.2361,  5.3852,  2.2361,  6.4031, 17.8885,  1.0000,  8.2462, 18.3576,\n",
      "          4.4721,  3.6056,  1.0000,  5.8310,  2.8284,  1.0000,  2.2361,  6.7082,\n",
      "          1.4142,  1.4142,  1.0000,  0.0000]])\n",
      "Dataset(\"cifar10_train__gprah\", num_graphs=20000, save_path=C:\\Users\\kisim\\.dgl\\cifar10_train__gprah)\n"
     ]
    }
   ],
   "source": [
    "print(traindataset[0][0].ndata['feat value'].shape)\n",
    "for i in range(5):\n",
    "    print(traindataset[3][0].ndata['feat value'][i])\n",
    "print(traindataset[9][0].ndata['feat value'])\n",
    "print(traindataset)"
   ]
  },
  {
   "cell_type": "code",
   "execution_count": 50,
   "metadata": {},
   "outputs": [
    {
     "name": "stdout",
     "output_type": "stream",
     "text": [
      "Dataset(\"cifar10_train__gprah\", num_graphs=20000, save_path=C:\\Users\\kisim\\.dgl\\cifar10_train__gprah)\n",
      "torch.Size([5, 5])\n",
      "tensor([0.0000, 2.0000, 1.0000, 1.4142, 1.0000])\n",
      "tensor([2.0000, 0.0000, 2.2361, 1.4142, 1.0000])\n",
      "tensor([1.0000, 2.2361, 0.0000, 1.0000, 1.4142])\n",
      "tensor([1.4142, 1.4142, 1.0000, 0.0000, 1.0000])\n",
      "tensor([1.0000, 1.0000, 1.4142, 1.0000, 0.0000])\n"
     ]
    }
   ],
   "source": [
    "print(traindataset)\n",
    "print(traindataset[0][0].ndata['feat value'].shape)\n",
    "for i in range(5):\n",
    "    print(traindataset[3][0].ndata['feat value'][i])"
   ]
  },
  {
   "cell_type": "code",
   "execution_count": 22,
   "metadata": {},
   "outputs": [],
   "source": [
    "#ネットワーク設定\n",
    "class GCN(nn.Module):\n",
    "    def __init__(self):\n",
    "        super(GCN,self).__init__()\n",
    "        self.conv1 = GraphConv(40,16)\n",
    "        self.conv2 = GraphConv(16,32)\n",
    "        self.conv3 = GraphConv(32,128)\n",
    "        self.conv4 = GraphConv(64,128)\n",
    "        self.dropout =nn.Dropout(0.4)\n",
    "        self.meanpooling = nn.AvgPool1d(2)\n",
    "        self.maxpooling = nn.MaxPool1d(2)\n",
    "        self.flatten = nn.Flatten()\n",
    "        self.fc1 = nn.Linear(64,128)\n",
    "        self.fc2 = nn.Linear(128,64)\n",
    "        self.fc3 = nn.Linear(64,32)\n",
    "        self.fc4 = nn.Linear(32,10)\n",
    "\n",
    "\n",
    "    def forward(self,g,n_feat,e_feat = None):\n",
    "        h = self.conv1(g,n_feat,None,e_feat)\n",
    "        h = self.conv2(g,h,None,e_feat)\n",
    "        #h = self.dropout(h)\n",
    "        h = self.conv3(g,h,None,e_feat)\n",
    "\n",
    "        #h = self.meanpooling(h)\n",
    "        h = self.maxpooling(h)\n",
    "\n",
    "        h = self.flatten(h)\n",
    "\n",
    "        h = F.relu(self.fc1(h))\n",
    "        h = self.dropout(h)\n",
    "        h = F.relu(self.fc2(h))\n",
    "        h = self.dropout(h)\n",
    "        h = F.relu(self.fc3(h))\n",
    "        h = self.fc4(h)\n",
    "        \n",
    "\n",
    "\n",
    "\n",
    "        g.ndata['h'] = h\n",
    "\n",
    "        return dgl.mean_nodes(g,'h')\n",
    "        #return dgl.softmax_nodes(g,'h')"
   ]
  },
  {
   "cell_type": "code",
   "execution_count": 5,
   "metadata": {},
   "outputs": [],
   "source": [
    "#ネットワーク設定\n",
    "class GCNv2(nn.Module):\n",
    "    def __init__(self):\n",
    "        super(GCNv2,self).__init__()\n",
    "        self.conv1 = GraphConv(40,60)\n",
    "        self.conv2 = GraphConv(60,100)\n",
    "        self.conv3 = GraphConv(100,120)\n",
    "        self.conv4 = GraphConv(64,128)\n",
    "        self.dropout =nn.Dropout(0.5)\n",
    "        self.meanpooling = nn.AvgPool1d(2)\n",
    "        self.maxpooling = nn.MaxPool1d(2)\n",
    "        self.flatten = nn.Flatten()\n",
    "        self.fc1 = nn.Linear(60,60)\n",
    "        self.fc2 = nn.Linear(60,60)\n",
    "        self.fc3 = nn.Linear(60,32)\n",
    "        self.fc4 = nn.Linear(32,10)\n",
    "\n",
    "\n",
    "    def forward(self,g,n_feat,e_feat = None):\n",
    "        h = self.conv1(g,n_feat,None,e_feat)\n",
    "        h = self.dropout(h)\n",
    "        h = self.conv2(g,h,None,e_feat)\n",
    "        h = self.dropout(h)\n",
    "        h = self.conv3(g,h,None,e_feat)\n",
    "\n",
    "        #h = self.meanpooling(h)\n",
    "        h = self.maxpooling(h)\n",
    "\n",
    "        h = self.flatten(h)\n",
    "\n",
    "        h = F.relu(self.fc1(h))\n",
    "        h = self.dropout(h)\n",
    "        h = F.relu(self.fc2(h))\n",
    "        h = self.dropout(h)\n",
    "        h = F.relu(self.fc3(h))\n",
    "        h = self.fc4(h)\n",
    "        \n",
    "\n",
    "\n",
    "\n",
    "        g.ndata['h'] = h\n",
    "\n",
    "        return dgl.mean_nodes(g,'h')\n",
    "        #return dgl.softmax_nodes(g,'h')"
   ]
  },
  {
   "cell_type": "code",
   "execution_count": null,
   "metadata": {},
   "outputs": [],
   "source": [
    "# 16 32 64 128 x4 '''"
   ]
  },
  {
   "cell_type": "code",
   "execution_count": null,
   "metadata": {},
   "outputs": [],
   "source": [
    "model = GCN()\n",
    "device = torch.device('cuda:0' if torch.cuda.is_available() else 'cpu')\n",
    "model.to(device)\n",
    "optimizer = optim.Adam(model.parameters(),lr = 0.008)\n",
    "#optimizer = optim.SGD(params=model.parameters(),lr=0.03,momentum=0.9)\n",
    "epochs = 20"
   ]
  },
  {
   "cell_type": "code",
   "execution_count": 6,
   "metadata": {},
   "outputs": [],
   "source": [
    "model = GCNv2()\n",
    "device = torch.device('cuda:0' if torch.cuda.is_available() else 'cpu')\n",
    "model.to(device)\n",
    "optimizer = optim.Adam(model.parameters(),lr = 0.001)\n",
    "#optimizer = optim.SGD(params=model.parameters(),lr=0.03,momentum=0.9)\n",
    "epochs = 4000"
   ]
  },
  {
   "cell_type": "code",
   "execution_count": 7,
   "metadata": {},
   "outputs": [],
   "source": [
    "save_train_acc = []\n",
    "save_test_acc = []"
   ]
  },
  {
   "cell_type": "code",
   "execution_count": 8,
   "metadata": {},
   "outputs": [
    {
     "name": "stderr",
     "output_type": "stream",
     "text": [
      "  0%|          | 18/4000 [01:00<3:44:22,  3.38s/it]\n"
     ]
    },
    {
     "ename": "KeyboardInterrupt",
     "evalue": "",
     "output_type": "error",
     "traceback": [
      "\u001b[1;31m---------------------------------------------------------------------------\u001b[0m",
      "\u001b[1;31mKeyboardInterrupt\u001b[0m                         Traceback (most recent call last)",
      "\u001b[1;32md:\\Document\\Anaconda\\GNN-DGLPro\\Classification.ipynb Cell 13'\u001b[0m in \u001b[0;36m<cell line: 13>\u001b[1;34m()\u001b[0m\n\u001b[0;32m     <a href='vscode-notebook-cell:/d%3A/Document/Anaconda/GNN-DGLPro/Classification.ipynb#ch0000012?line=14'>15</a>\u001b[0m     \u001b[39mbreak\u001b[39;00m\n\u001b[0;32m     <a href='vscode-notebook-cell:/d%3A/Document/Anaconda/GNN-DGLPro/Classification.ipynb#ch0000012?line=15'>16</a>\u001b[0m model\u001b[39m.\u001b[39mtrain()\n\u001b[1;32m---> <a href='vscode-notebook-cell:/d%3A/Document/Anaconda/GNN-DGLPro/Classification.ipynb#ch0000012?line=16'>17</a>\u001b[0m \u001b[39mfor\u001b[39;00m batched_graph, labels \u001b[39min\u001b[39;00m traindataloader:\n\u001b[0;32m     <a href='vscode-notebook-cell:/d%3A/Document/Anaconda/GNN-DGLPro/Classification.ipynb#ch0000012?line=17'>18</a>\u001b[0m     batched_graph \u001b[39m=\u001b[39m batched_graph\u001b[39m.\u001b[39mto(device)\n\u001b[0;32m     <a href='vscode-notebook-cell:/d%3A/Document/Anaconda/GNN-DGLPro/Classification.ipynb#ch0000012?line=18'>19</a>\u001b[0m     labels \u001b[39m=\u001b[39m labels\u001b[39m.\u001b[39mto(device)\n",
      "File \u001b[1;32mc:\\Users\\kisim\\anaconda3\\envs\\GNN_DGL\\lib\\site-packages\\torch\\utils\\data\\dataloader.py:530\u001b[0m, in \u001b[0;36m_BaseDataLoaderIter.__next__\u001b[1;34m(self)\u001b[0m\n\u001b[0;32m    528\u001b[0m \u001b[39mif\u001b[39;00m \u001b[39mself\u001b[39m\u001b[39m.\u001b[39m_sampler_iter \u001b[39mis\u001b[39;00m \u001b[39mNone\u001b[39;00m:\n\u001b[0;32m    529\u001b[0m     \u001b[39mself\u001b[39m\u001b[39m.\u001b[39m_reset()\n\u001b[1;32m--> 530\u001b[0m data \u001b[39m=\u001b[39m \u001b[39mself\u001b[39;49m\u001b[39m.\u001b[39;49m_next_data()\n\u001b[0;32m    531\u001b[0m \u001b[39mself\u001b[39m\u001b[39m.\u001b[39m_num_yielded \u001b[39m+\u001b[39m\u001b[39m=\u001b[39m \u001b[39m1\u001b[39m\n\u001b[0;32m    532\u001b[0m \u001b[39mif\u001b[39;00m \u001b[39mself\u001b[39m\u001b[39m.\u001b[39m_dataset_kind \u001b[39m==\u001b[39m _DatasetKind\u001b[39m.\u001b[39mIterable \u001b[39mand\u001b[39;00m \\\n\u001b[0;32m    533\u001b[0m         \u001b[39mself\u001b[39m\u001b[39m.\u001b[39m_IterableDataset_len_called \u001b[39mis\u001b[39;00m \u001b[39mnot\u001b[39;00m \u001b[39mNone\u001b[39;00m \u001b[39mand\u001b[39;00m \\\n\u001b[0;32m    534\u001b[0m         \u001b[39mself\u001b[39m\u001b[39m.\u001b[39m_num_yielded \u001b[39m>\u001b[39m \u001b[39mself\u001b[39m\u001b[39m.\u001b[39m_IterableDataset_len_called:\n",
      "File \u001b[1;32mc:\\Users\\kisim\\anaconda3\\envs\\GNN_DGL\\lib\\site-packages\\torch\\utils\\data\\dataloader.py:570\u001b[0m, in \u001b[0;36m_SingleProcessDataLoaderIter._next_data\u001b[1;34m(self)\u001b[0m\n\u001b[0;32m    568\u001b[0m \u001b[39mdef\u001b[39;00m \u001b[39m_next_data\u001b[39m(\u001b[39mself\u001b[39m):\n\u001b[0;32m    569\u001b[0m     index \u001b[39m=\u001b[39m \u001b[39mself\u001b[39m\u001b[39m.\u001b[39m_next_index()  \u001b[39m# may raise StopIteration\u001b[39;00m\n\u001b[1;32m--> 570\u001b[0m     data \u001b[39m=\u001b[39m \u001b[39mself\u001b[39;49m\u001b[39m.\u001b[39;49m_dataset_fetcher\u001b[39m.\u001b[39;49mfetch(index)  \u001b[39m# may raise StopIteration\u001b[39;00m\n\u001b[0;32m    571\u001b[0m     \u001b[39mif\u001b[39;00m \u001b[39mself\u001b[39m\u001b[39m.\u001b[39m_pin_memory:\n\u001b[0;32m    572\u001b[0m         data \u001b[39m=\u001b[39m _utils\u001b[39m.\u001b[39mpin_memory\u001b[39m.\u001b[39mpin_memory(data)\n",
      "File \u001b[1;32mc:\\Users\\kisim\\anaconda3\\envs\\GNN_DGL\\lib\\site-packages\\torch\\utils\\data\\_utils\\fetch.py:52\u001b[0m, in \u001b[0;36m_MapDatasetFetcher.fetch\u001b[1;34m(self, possibly_batched_index)\u001b[0m\n\u001b[0;32m     50\u001b[0m \u001b[39melse\u001b[39;00m:\n\u001b[0;32m     51\u001b[0m     data \u001b[39m=\u001b[39m \u001b[39mself\u001b[39m\u001b[39m.\u001b[39mdataset[possibly_batched_index]\n\u001b[1;32m---> 52\u001b[0m \u001b[39mreturn\u001b[39;00m \u001b[39mself\u001b[39;49m\u001b[39m.\u001b[39;49mcollate_fn(data)\n",
      "File \u001b[1;32mc:\\Users\\kisim\\anaconda3\\envs\\GNN_DGL\\lib\\site-packages\\dgl\\dataloading\\dataloader.py:997\u001b[0m, in \u001b[0;36mGraphCollator.collate\u001b[1;34m(self, items)\u001b[0m\n\u001b[0;32m    995\u001b[0m         \u001b[39mraise\u001b[39;00m \u001b[39mRuntimeError\u001b[39;00m(\u001b[39m'\u001b[39m\u001b[39meach element in list of batch should be of equal size\u001b[39m\u001b[39m'\u001b[39m)\n\u001b[0;32m    996\u001b[0m     transposed \u001b[39m=\u001b[39m \u001b[39mzip\u001b[39m(\u001b[39m*\u001b[39mitems)\n\u001b[1;32m--> 997\u001b[0m     \u001b[39mreturn\u001b[39;00m [\u001b[39mself\u001b[39m\u001b[39m.\u001b[39mcollate(samples) \u001b[39mfor\u001b[39;00m samples \u001b[39min\u001b[39;00m transposed]\n\u001b[0;32m    999\u001b[0m \u001b[39mraise\u001b[39;00m \u001b[39mTypeError\u001b[39;00m(\u001b[39mself\u001b[39m\u001b[39m.\u001b[39mgraph_collate_err_msg_format\u001b[39m.\u001b[39mformat(elem_type))\n",
      "File \u001b[1;32mc:\\Users\\kisim\\anaconda3\\envs\\GNN_DGL\\lib\\site-packages\\dgl\\dataloading\\dataloader.py:997\u001b[0m, in \u001b[0;36m<listcomp>\u001b[1;34m(.0)\u001b[0m\n\u001b[0;32m    995\u001b[0m         \u001b[39mraise\u001b[39;00m \u001b[39mRuntimeError\u001b[39;00m(\u001b[39m'\u001b[39m\u001b[39meach element in list of batch should be of equal size\u001b[39m\u001b[39m'\u001b[39m)\n\u001b[0;32m    996\u001b[0m     transposed \u001b[39m=\u001b[39m \u001b[39mzip\u001b[39m(\u001b[39m*\u001b[39mitems)\n\u001b[1;32m--> 997\u001b[0m     \u001b[39mreturn\u001b[39;00m [\u001b[39mself\u001b[39;49m\u001b[39m.\u001b[39;49mcollate(samples) \u001b[39mfor\u001b[39;00m samples \u001b[39min\u001b[39;00m transposed]\n\u001b[0;32m    999\u001b[0m \u001b[39mraise\u001b[39;00m \u001b[39mTypeError\u001b[39;00m(\u001b[39mself\u001b[39m\u001b[39m.\u001b[39mgraph_collate_err_msg_format\u001b[39m.\u001b[39mformat(elem_type))\n",
      "File \u001b[1;32mc:\\Users\\kisim\\anaconda3\\envs\\GNN_DGL\\lib\\site-packages\\dgl\\dataloading\\dataloader.py:966\u001b[0m, in \u001b[0;36mGraphCollator.collate\u001b[1;34m(self, items)\u001b[0m\n\u001b[0;32m    964\u001b[0m elem_type \u001b[39m=\u001b[39m \u001b[39mtype\u001b[39m(elem)\n\u001b[0;32m    965\u001b[0m \u001b[39mif\u001b[39;00m \u001b[39misinstance\u001b[39m(elem, DGLHeteroGraph):\n\u001b[1;32m--> 966\u001b[0m     batched_graphs \u001b[39m=\u001b[39m batch_graphs(items)\n\u001b[0;32m    967\u001b[0m     \u001b[39mreturn\u001b[39;00m batched_graphs\n\u001b[0;32m    968\u001b[0m \u001b[39melif\u001b[39;00m F\u001b[39m.\u001b[39mis_tensor(elem):\n",
      "File \u001b[1;32mc:\\Users\\kisim\\anaconda3\\envs\\GNN_DGL\\lib\\site-packages\\dgl\\batch.py:196\u001b[0m, in \u001b[0;36mbatch\u001b[1;34m(graphs, ndata, edata, node_attrs, edge_attrs)\u001b[0m\n\u001b[0;32m    194\u001b[0m \u001b[39mfor\u001b[39;00m ntype_id, ntype \u001b[39min\u001b[39;00m \u001b[39mzip\u001b[39m(ntype_ids, ntypes):\n\u001b[0;32m    195\u001b[0m     all_empty \u001b[39m=\u001b[39m \u001b[39mall\u001b[39m(g\u001b[39m.\u001b[39m_graph\u001b[39m.\u001b[39mnumber_of_nodes(ntype_id) \u001b[39m==\u001b[39m \u001b[39m0\u001b[39m \u001b[39mfor\u001b[39;00m g \u001b[39min\u001b[39;00m graphs)\n\u001b[1;32m--> 196\u001b[0m     frames \u001b[39m=\u001b[39m [\n\u001b[0;32m    197\u001b[0m         g\u001b[39m.\u001b[39m_node_frames[ntype_id] \u001b[39mfor\u001b[39;00m g \u001b[39min\u001b[39;00m graphs\n\u001b[0;32m    198\u001b[0m         \u001b[39mif\u001b[39;00m g\u001b[39m.\u001b[39m_graph\u001b[39m.\u001b[39mnumber_of_nodes(ntype_id) \u001b[39m>\u001b[39m \u001b[39m0\u001b[39m \u001b[39mor\u001b[39;00m all_empty]\n\u001b[0;32m    199\u001b[0m     \u001b[39m# TODO: do we require graphs with no nodes/edges to have the same schema?  Currently\u001b[39;00m\n\u001b[0;32m    200\u001b[0m     \u001b[39m# we allow empty graphs to have no features during batching.\u001b[39;00m\n\u001b[0;32m    201\u001b[0m     ret_feat \u001b[39m=\u001b[39m _batch_feat_dicts(frames, ndata, \u001b[39m'\u001b[39m\u001b[39mnodes[\u001b[39m\u001b[39m\"\u001b[39m\u001b[39m{}\u001b[39;00m\u001b[39m\"\u001b[39m\u001b[39m].data\u001b[39m\u001b[39m'\u001b[39m\u001b[39m.\u001b[39mformat(ntype))\n",
      "File \u001b[1;32mc:\\Users\\kisim\\anaconda3\\envs\\GNN_DGL\\lib\\site-packages\\dgl\\batch.py:198\u001b[0m, in \u001b[0;36m<listcomp>\u001b[1;34m(.0)\u001b[0m\n\u001b[0;32m    194\u001b[0m \u001b[39mfor\u001b[39;00m ntype_id, ntype \u001b[39min\u001b[39;00m \u001b[39mzip\u001b[39m(ntype_ids, ntypes):\n\u001b[0;32m    195\u001b[0m     all_empty \u001b[39m=\u001b[39m \u001b[39mall\u001b[39m(g\u001b[39m.\u001b[39m_graph\u001b[39m.\u001b[39mnumber_of_nodes(ntype_id) \u001b[39m==\u001b[39m \u001b[39m0\u001b[39m \u001b[39mfor\u001b[39;00m g \u001b[39min\u001b[39;00m graphs)\n\u001b[0;32m    196\u001b[0m     frames \u001b[39m=\u001b[39m [\n\u001b[0;32m    197\u001b[0m         g\u001b[39m.\u001b[39m_node_frames[ntype_id] \u001b[39mfor\u001b[39;00m g \u001b[39min\u001b[39;00m graphs\n\u001b[1;32m--> 198\u001b[0m         \u001b[39mif\u001b[39;00m g\u001b[39m.\u001b[39;49m_graph\u001b[39m.\u001b[39;49mnumber_of_nodes(ntype_id) \u001b[39m>\u001b[39m \u001b[39m0\u001b[39m \u001b[39mor\u001b[39;00m all_empty]\n\u001b[0;32m    199\u001b[0m     \u001b[39m# TODO: do we require graphs with no nodes/edges to have the same schema?  Currently\u001b[39;00m\n\u001b[0;32m    200\u001b[0m     \u001b[39m# we allow empty graphs to have no features during batching.\u001b[39;00m\n\u001b[0;32m    201\u001b[0m     ret_feat \u001b[39m=\u001b[39m _batch_feat_dicts(frames, ndata, \u001b[39m'\u001b[39m\u001b[39mnodes[\u001b[39m\u001b[39m\"\u001b[39m\u001b[39m{}\u001b[39;00m\u001b[39m\"\u001b[39m\u001b[39m].data\u001b[39m\u001b[39m'\u001b[39m\u001b[39m.\u001b[39mformat(ntype))\n",
      "File \u001b[1;32mc:\\Users\\kisim\\anaconda3\\envs\\GNN_DGL\\lib\\site-packages\\dgl\\heterograph_index.py:337\u001b[0m, in \u001b[0;36mHeteroGraphIndex.number_of_nodes\u001b[1;34m(self, ntype)\u001b[0m\n\u001b[0;32m    324\u001b[0m \u001b[39mdef\u001b[39;00m \u001b[39mnumber_of_nodes\u001b[39m(\u001b[39mself\u001b[39m, ntype):\n\u001b[0;32m    325\u001b[0m     \u001b[39m\"\"\"Return the number of nodes.\u001b[39;00m\n\u001b[0;32m    326\u001b[0m \n\u001b[0;32m    327\u001b[0m \u001b[39m    Parameters\u001b[39;00m\n\u001b[1;32m   (...)\u001b[0m\n\u001b[0;32m    335\u001b[0m \u001b[39m        The number of nodes\u001b[39;00m\n\u001b[0;32m    336\u001b[0m \u001b[39m    \"\"\"\u001b[39;00m\n\u001b[1;32m--> 337\u001b[0m     \u001b[39mreturn\u001b[39;00m _CAPI_DGLHeteroNumVertices(\u001b[39mself\u001b[39;49m, \u001b[39mint\u001b[39;49m(ntype))\n",
      "File \u001b[1;32mc:\\Users\\kisim\\anaconda3\\envs\\GNN_DGL\\lib\\site-packages\\dgl\\_ffi\\_ctypes\\function.py:188\u001b[0m, in \u001b[0;36mFunctionBase.__call__\u001b[1;34m(self, *args)\u001b[0m\n\u001b[0;32m    186\u001b[0m ret_val \u001b[39m=\u001b[39m DGLValue()\n\u001b[0;32m    187\u001b[0m ret_tcode \u001b[39m=\u001b[39m ctypes\u001b[39m.\u001b[39mc_int()\n\u001b[1;32m--> 188\u001b[0m check_call(_LIB\u001b[39m.\u001b[39;49mDGLFuncCall(\n\u001b[0;32m    189\u001b[0m     \u001b[39mself\u001b[39;49m\u001b[39m.\u001b[39;49mhandle, values, tcodes, ctypes\u001b[39m.\u001b[39;49mc_int(num_args),\n\u001b[0;32m    190\u001b[0m     ctypes\u001b[39m.\u001b[39;49mbyref(ret_val), ctypes\u001b[39m.\u001b[39;49mbyref(ret_tcode)))\n\u001b[0;32m    191\u001b[0m _ \u001b[39m=\u001b[39m temp_args\n\u001b[0;32m    192\u001b[0m _ \u001b[39m=\u001b[39m args\n",
      "\u001b[1;31mKeyboardInterrupt\u001b[0m: "
     ]
    }
   ],
   "source": [
    "loss_list = []\n",
    "acc_list = []\n",
    "test_acc_list = []\n",
    "\n",
    "\n",
    "num_correct = 0\n",
    "num_tests = 0\n",
    "test_num_correct = 0\n",
    "test_num_tests = 0\n",
    "lossF = nn.CrossEntropyLoss()\n",
    "#,batched_graph.edata['distance'].float()\n",
    "BP = 0\n",
    "for epoch in tqdm(range(epochs)):\n",
    "    if BP != 0:\n",
    "        break\n",
    "    model.train()\n",
    "    for batched_graph, labels in traindataloader:\n",
    "        batched_graph = batched_graph.to(device)\n",
    "        labels = labels.to(device)\n",
    "        pred = model(batched_graph, batched_graph.ndata['feat value'].float())\n",
    "        loss = lossF(pred,labels)\n",
    "        if loss.item() < 0.05:\n",
    "            BP = 0\n",
    "            break\n",
    "        optimizer.zero_grad()\n",
    "        loss.backward()\n",
    "        optimizer.step()\n",
    "        num_correct += (pred.argmax(1) == labels).sum().item()\n",
    "        num_tests += len(labels)\n",
    "    loss_list.append(loss.item())\n",
    "    acc_list.append(num_correct / num_tests)\n",
    "    \n",
    "    model.eval()\n",
    "    for tbatched_graph, tlabels in testdataloader:\n",
    "        tbatched_graph = tbatched_graph.to(device)\n",
    "        tlabels = tlabels.to(device)\n",
    "        tpred = model(tbatched_graph, tbatched_graph.ndata['feat value'])\n",
    "        test_num_correct += (tpred.argmax(1) == tlabels).sum().item()\n",
    "        test_num_tests += len(tlabels)\n",
    "\n",
    "    Tacc = test_num_correct / test_num_tests\n",
    "    #print('Training accuracy:', Tacc)\n",
    "    test_acc_list.append(Tacc)\n",
    "\n",
    "num_correct = 0\n",
    "num_tests = 0\n",
    "\n",
    "\n",
    "\n",
    "with torch.no_grad():\n",
    "    model.train()\n",
    "    for batched_graph, labels in traindataloader:\n",
    "        batched_graph = batched_graph.to(device)\n",
    "        labels = labels.to(device)\n",
    "        pred = model(batched_graph, batched_graph.ndata['feat value'])\n",
    "        num_correct += (pred.argmax(1) == labels).sum().item()\n",
    "        num_tests += len(labels)\n",
    "    print('Training accuracy:', num_correct / num_tests)\n",
    "    save_train_acc.append(num_correct / num_tests)\n",
    "    num_correct = 0\n",
    "    num_tests = 0\n",
    "    model.eval()\n",
    "    for batched_graph, labels in testdataloader:\n",
    "        batched_graph = batched_graph.to(device)\n",
    "        labels = labels.to(device)\n",
    "        pred = model(batched_graph, batched_graph.ndata['feat value'].float())\n",
    "        num_correct += (pred.argmax(1) == labels).sum().item()\n",
    "        num_tests += len(labels)\n",
    "    print('Test accuracy:', num_correct / num_tests)\n",
    "    save_test_acc.append(num_correct / num_tests)"
   ]
  },
  {
   "cell_type": "code",
   "execution_count": 21,
   "metadata": {},
   "outputs": [
    {
     "name": "stdout",
     "output_type": "stream",
     "text": [
      "torch.Size([5000, 10])\n",
      "tensor([ 0.3780, -2.4598,  0.6290, -0.0913,  1.1682,  0.5908, -0.1727,  0.4545,\n",
      "        -0.8756, -0.7732], device='cuda:0')\n",
      "tensor([0.1154, 0.0068, 0.1483, 0.0722, 0.2542, 0.1427, 0.0665, 0.1245, 0.0329,\n",
      "        0.0365], device='cuda:0')\n",
      "tensor(-1.1520, device='cuda:0')\n",
      "tensor(1., device='cuda:0')\n"
     ]
    }
   ],
   "source": [
    "print(pred.shape)\n",
    "print(pred[0])\n",
    "print(pred[0].softmax(dim = 0))\n",
    "print(sum(pred[0]))\n",
    "print(sum(pred[0].softmax(dim = 0)))\n"
   ]
  },
  {
   "cell_type": "code",
   "execution_count": 25,
   "metadata": {},
   "outputs": [
    {
     "name": "stdout",
     "output_type": "stream",
     "text": [
      "True\n",
      "1\n",
      "tensor(2.2433, device='cuda:0', grad_fn=<NllLossBackward0>)\n",
      "0.12995882352941177\n"
     ]
    }
   ],
   "source": [
    "#5:40\n",
    "#3:15\n",
    "print(torch.cuda.is_available())\n",
    "print(torch.cuda.device_count())\n",
    "print(loss)\n",
    "print(max(test_acc_list))"
   ]
  },
  {
   "cell_type": "code",
   "execution_count": 26,
   "metadata": {},
   "outputs": [
    {
     "data": {
